[32, 44, 58, 130, 145, 156, 162, 221, 240, 264, 266, 273, 357, 376, 390, 423, 425, 454, 471, 502, 569, 571, 573, 600, 601, 611, 614, 617, 619, 623, 641, 680, 706, 730, 736, 770, 799, 800, 829, 834, 860, 864, 897, 906, 947, 1023, 1082, 1088, 1179, 1195, 1215, 1269, 1288, 1334, 1358, 1359, 1368, 1387, 1402, 1438, 1498, 1501, 1526, 1560, 1571, 1625, 1735, 1756, 1825, 1830, 1838, 1840, 1842, 1870, 1917, 1919, 1947, 1987, 2104, 2115, 2117, 2169, 2193, 2207]
[1, 100, 133, 152, 157, 183, 190, 309, 319, 326, 410, 462, 483, 485, 503, 595, 606, 630, 649, 658, 685, 726, 739, 812, 847, 958, 967, 982, 995, 1115, 1182, 1284, 1286, 1340, 1381, 1390, 1396, 1444, 1462, 1517, 1544, 1572, 1592, 1651, 1669, 1685, 1709, 1767, 1793, 1812, 1848, 1880, 1995, 2080, 2148, 2194]
[47, 57, 91, 178, 259, 432, 484, 557, 875, 1071, 1181, 1257, 1469, 1558, 1629, 1642, 1729, 1741, 1772, 1864, 1887, 1913, 1937, 1949, 2131]
[14, 21, 30, 51, 62, 64, 86, 88, 119, 121, 153, 173, 185, 186, 204, 218, 268, 292, 299, 304, 335, 369, 383, 416, 431, 433, 458, 481, 526, 543, 548, 603, 616, 633, 635, 642, 648, 691, 696, 715, 719, 729, 740, 745, 761, 764, 768, 792, 820, 845, 848, 852, 882, 885, 911, 930, 943, 954, 974, 975, 1020, 1047, 1051, 1053, 1063, 1065, 1081, 1092, 1107, 1121, 1130, 1162, 1164, 1174, 1196, 1214, 1248, 1251, 1254, 1270, 1295, 1321, 1348, 1349, 1371, 1411, 1417, 1442, 1451, 1465, 1475, 1482, 1490, 1491, 1496, 1506, 1508, 1515, 1541, 1549, 1569, 1618, 1620, 1624, 1659, 1681, 1728, 1751, 1761, 1764, 1766, 1788, 1832, 1834, 1922, 1931, 1942, 1961, 1970, 1992, 2009, 2042, 2077, 2085, 2098, 2118, 2128, 2129, 2147, 2176, 2179, 2185, 2195, 2196, 2226, 2231, 2233, 2238]
[3, 11, 16, 23, 63, 73, 99, 104, 108, 111, 123, 124, 138, 167, 174, 182, 189, 194, 209, 220, 245, 258, 276, 283, 301, 360, 408, 461, 492, 495, 568, 609, 704, 724, 735, 751, 771, 807, 810, 828, 830, 835, 854, 863, 866, 871, 888, 900, 950, 962, 989, 1004, 1006, 1009, 1032, 1038, 1104, 1127, 1132, 1134, 1136, 1155, 1165, 1184, 1191, 1193, 1210, 1273, 1302, 1339, 1351, 1357, 1414, 1463, 1497, 1514, 1546, 1553, 1610, 1671, 1684, 1687, 1690, 1693, 1700, 1714, 1745, 1750, 1765, 1789, 1800, 1804, 1851, 1858, 1859, 1963, 1978, 2004, 2019, 2020, 2089, 2102, 2122, 2149, 2155, 2191, 2200, 2208, 2216, 2221, 2232]
[7, 12, 17, 31, 76, 77, 155, 160, 195, 236, 261, 263, 281, 305, 308, 334, 356, 393, 394, 401, 407, 415, 420, 436, 516, 528, 535, 540, 554, 624, 646, 652, 656, 660, 670, 682, 690, 692, 732, 750, 776, 819, 822, 865, 876, 890, 918, 936, 969, 990, 1095, 1109, 1118, 1159, 1176, 1234, 1247, 1250, 1347, 1380, 1472, 1524, 1545, 1577, 1601, 1658, 1666, 1678, 1682, 1704, 1724, 1753, 1754, 1757, 1773, 1803, 1809, 1819, 1820, 1831, 1852, 1905, 1920, 1952, 1959, 2028, 2041, 2064, 2065, 2069, 2090, 2120, 2126, 2134, 2139, 2154, 2217, 2223, 2234]
[45, 50, 81, 85, 106, 109, 159, 181, 212, 214, 215, 219, 224, 231, 252, 260, 278, 293, 300, 321, 322, 333, 371, 378, 426, 427, 434, 457, 497, 501, 511, 530, 539, 564, 570, 579, 585, 598, 607, 622, 643, 664, 679, 688, 697, 712, 723, 744, 758, 763, 773, 780, 793, 843, 892, 949, 956, 968, 984, 1002, 1029, 1069, 1084, 1122, 1141, 1197, 1204, 1205, 1222, 1261, 1268, 1274, 1278, 1282, 1287, 1310, 1335, 1338, 1344, 1352, 1366, 1406, 1413, 1431, 1439, 1468, 1484, 1493, 1530, 1547, 1551, 1556, 1565, 1588, 1603, 1619, 1623, 1648, 1650, 1676, 1696, 1698, 1701, 1785, 1796, 1806, 1826, 1837, 1873, 1891, 1897, 1904, 1926, 1969, 1982, 1999, 2002, 2008, 2016, 2044, 2051, 2060, 2086, 2091, 2094, 2107, 2130, 2162, 2166, 2206, 2243]
[26, 37, 68, 93, 107, 115, 118, 165, 170, 196, 243, 253, 255, 297, 339, 343, 372, 377, 417, 442, 508, 537, 553, 583, 629, 637, 653, 654, 717, 747, 759, 778, 862, 887, 917, 952, 970, 976, 981, 1025, 1057, 1064, 1102, 1117, 1144, 1145, 1187, 1235, 1244, 1258, 1280, 1297, 1363, 1372, 1376, 1394, 1395, 1403, 1458, 1473, 1479, 1503, 1578, 1726, 1740, 1746, 1787, 1792, 1823, 1854, 1865, 1886, 1936, 1955, 2029, 2048, 2058, 2240]
[90, 211, 229, 275, 314, 323, 327, 345, 355, 437, 452, 533, 709, 775, 783, 938, 1037, 1137, 1139, 1161, 1216, 1225, 1227, 1232, 1325, 1343, 1377, 1393, 1436, 1443, 1454, 1461, 1532, 1595, 1683, 1699, 1705, 1798, 1801, 1850, 1944, 2054, 2059, 2061, 2076, 2110, 2178]
[10, 34, 66, 79, 87, 98, 105, 114, 147, 150, 166, 203, 232, 317, 331, 348, 352, 365, 404, 459, 478, 559, 580, 592, 725, 733, 779, 823, 857, 867, 868, 1010, 1027, 1062, 1089, 1152, 1198, 1294, 1298, 1308, 1329, 1356, 1420, 1481, 1500, 1615, 1621, 1626, 1657, 1680, 1719, 1723, 1738, 1781, 1841, 1861, 1868, 1901, 1907, 1951, 2021, 2024, 2032, 2144, 2174]
[9, 61, 65, 139, 191, 193, 274, 295, 354, 403, 424, 506, 512, 590, 659, 684, 710, 722, 728, 746, 786, 787, 821, 855, 869, 912, 934, 946, 957, 1050, 1060, 1073, 1100, 1103, 1125, 1138, 1149, 1166, 1173, 1178, 1240, 1272, 1384, 1398, 1435, 1464, 1542, 1563, 1579, 1597, 1635, 1689, 1722, 1744, 1774, 1776, 1867, 2015, 2070, 2073, 2079, 2097, 2119, 2136, 2142, 2151, 2158, 2192]
[5, 13, 25, 38, 117, 171, 216, 226, 254, 302, 330, 361, 400, 451, 473, 509, 565, 576, 638, 650, 666, 742, 743, 766, 782, 797, 811, 815, 944, 1003, 1042, 1074, 1087, 1101, 1154, 1157, 1199, 1206, 1219, 1228, 1242, 1255, 1256, 1277, 1281, 1290, 1291, 1307, 1441, 1470, 1510, 1590, 1606, 1708, 1731, 1794, 1795, 1797, 1813, 1818, 1824, 1932, 1954, 1958, 1973, 1980, 1984, 2031, 2045, 2078, 2092, 2135, 2190, 2224]
[24, 46, 60, 74, 164, 202, 228, 237, 241, 248, 262, 291, 362, 399, 411, 413, 430, 453, 474, 486, 488, 524, 536, 545, 560, 591, 593, 626, 662, 683, 707, 716, 737, 772, 774, 790, 809, 818, 856, 914, 920, 921, 937, 999, 1013, 1043, 1044, 1048, 1090, 1094, 1156, 1160, 1189, 1350, 1375, 1378, 1421, 1427, 1445, 1476, 1486, 1509, 1562, 1566, 1583, 1612, 1622, 1631, 1636, 1655, 1663, 1667, 1668, 1732, 1748, 1760, 1821, 1829, 1835, 1853, 1855, 1862, 1871, 1875, 1896, 1908, 1965, 2005, 2012, 2023, 2035, 2111, 2182, 2198, 2242]
[29, 41, 94, 95, 141, 175, 225, 234, 265, 272, 284, 344, 364, 366, 370, 412, 418, 460, 487, 504, 520, 544, 549, 597, 608, 634, 639, 647, 677, 756, 765, 795, 826, 870, 905, 1018, 1046, 1148, 1168, 1385, 1388, 1415, 1419, 1448, 1523, 1534, 1552, 1580, 1587, 1614, 1673, 1697, 1742, 1758, 1811, 1856, 1857, 1866, 1883, 1889, 1894, 1899, 1967, 2003, 2018, 2030, 2047, 2057, 2062, 2067, 2101, 2123, 2145, 2153, 2170, 2213]
[6, 72, 135, 161, 294, 375, 419, 469, 599, 686, 693, 694, 755, 762, 836, 881, 953, 966, 1026, 1061, 1077, 1231, 1305, 1330, 1362, 1434, 1437, 1489, 1499, 1574, 1644, 1675, 1799, 1817, 1849, 1860, 1910, 1945, 2074, 2088, 2100, 2108, 2152, 2171, 2181, 2188, 2230]
[89, 126, 127, 172, 197, 205, 249, 250, 270, 287, 298, 368, 379, 391, 421, 422, 435, 444, 449, 455, 472, 781, 784, 838, 841, 919, 926, 927, 1072, 1076, 1110, 1143, 1146, 1151, 1158, 1211, 1220, 1246, 1412, 1467, 1516, 1520, 1573, 1586, 1591, 1617, 1627, 1646, 1672, 1677, 1679, 1695, 1712, 1713, 1769, 1885, 1934, 1938, 1941, 1948, 1950, 1985, 2001, 2040, 2083, 2114, 2141, 2172, 2183, 2189, 2245]
[0, 2, 20, 43, 69, 71, 137, 140, 151, 158, 169, 208, 256, 280, 282, 289, 303, 336, 358, 409, 476, 489, 522, 523, 527, 532, 556, 561, 563, 566, 572, 625, 655, 661, 668, 676, 754, 825, 833, 840, 895, 896, 922, 972, 980, 983, 1007, 1024, 1041, 1054, 1056, 1111, 1123, 1142, 1150, 1169, 1170, 1172, 1230, 1260, 1317, 1341, 1345, 1354, 1374, 1429, 1433, 1450, 1471, 1507, 1521, 1525, 1527, 1538, 1564, 1567, 1594, 1599, 1628, 1632, 1686, 1703, 1720, 1739, 1777, 1807, 1843, 1876, 1877, 1898, 1960, 1964, 1976, 1983, 1998, 2013, 2014, 2036, 2038, 2063, 2081, 2082, 2103, 2199, 2215, 2222, 2239]
[39, 125, 239, 337, 500, 529, 578, 672, 757, 767, 816, 844, 1012, 1052, 1188, 1314, 1328, 1446, 1456, 1474, 1492, 1528, 1537, 1602, 1616, 1956, 1996, 2053, 2167, 2209]
[78, 84, 120, 238, 329, 387, 515, 584, 587, 714, 738, 788, 804, 872, 1167, 1237, 1332, 1364, 1369, 1389, 1447, 1529, 1607, 1609, 1802, 1895, 1912, 1957, 1994, 2010, 2109, 2137, 2150, 2168, 2177]
[8, 18, 22, 27, 33, 35, 59, 70, 92, 101, 102, 110, 122, 128, 132, 134, 136, 144, 146, 163, 177, 227, 246, 257, 310, 313, 315, 325, 338, 340, 351, 374, 380, 386, 388, 389, 395, 405, 406, 414, 429, 438, 441, 443, 464, 510, 513, 514, 517, 525, 531, 538, 547, 552, 555, 558, 567, 577, 582, 588, 589, 605, 613, 620, 627, 631, 665, 673, 675, 698, 702, 705, 708, 711, 713, 718, 727, 749, 753, 785, 789, 796, 798, 849, 858, 879, 884, 886, 891, 893, 898, 901, 902, 916, 924, 939, 951, 964, 971, 977, 978, 986, 987, 991, 996, 997, 1008, 1021, 1028, 1030, 1031, 1033, 1039, 1040, 1058, 1075, 1086, 1093, 1096, 1097, 1098, 1106, 1108, 1113, 1119, 1120, 1124, 1126, 1183, 1186, 1201, 1209, 1239, 1243, 1245, 1249, 1253, 1264, 1279, 1283, 1285, 1292, 1301, 1306, 1309, 1320, 1322, 1324, 1331, 1333, 1346, 1353, 1361, 1367, 1373, 1386, 1399, 1400, 1401, 1405, 1416, 1452, 1457, 1459, 1460, 1478, 1487, 1502, 1511, 1536, 1539, 1561, 1568, 1593, 1598, 1600, 1611, 1613, 1633, 1634, 1641, 1649, 1656, 1660, 1665, 1670, 1692, 1706, 1711, 1716, 1730, 1737, 1752, 1755, 1770, 1786, 1814, 1816, 1828, 1833, 1836, 1846, 1872, 1881, 1882, 1900, 1909, 1918, 1928, 1929, 1946, 1968, 1971, 1977, 1989, 1990, 1993, 1997, 2022, 2033, 2043, 2046, 2052, 2066, 2095, 2099, 2125, 2127, 2132, 2138, 2143, 2146, 2156, 2159, 2163, 2165, 2186, 2197, 2202, 2203, 2212, 2218, 2219, 2220, 2235]
[36, 75, 113, 176, 217, 244, 247, 279, 311, 324, 347, 353, 359, 381, 397, 398, 428, 445, 479, 499, 507, 521, 581, 636, 651, 657, 687, 721, 769, 839, 853, 877, 909, 910, 913, 925, 935, 955, 1022, 1068, 1099, 1105, 1114, 1133, 1171, 1221, 1223, 1226, 1252, 1263, 1275, 1311, 1326, 1327, 1337, 1365, 1383, 1423, 1424, 1428, 1432, 1440, 1449, 1466, 1480, 1505, 1519, 1533, 1548, 1559, 1582, 1589, 1608, 1653, 1662, 1688, 1763, 1768, 1863, 1874, 1878, 1911, 1943, 1953, 2007, 2011, 2075, 2084, 2093, 2106, 2124, 2133, 2161, 2211, 2227]
[56, 82, 96, 180, 207, 242, 285, 382, 447, 562, 644, 720, 734, 859, 942, 992, 1066, 1079, 1083, 1140, 1180, 1185, 1238, 1259, 1293, 1315, 1318, 1342, 1426, 1495, 1512, 1557, 1581, 1640, 1661, 1664, 1674, 1702, 1743, 1780, 1782, 1808, 1810, 1815, 1827, 1888, 1890, 1906, 1923, 1939, 1966, 2039, 2087, 2105, 2113, 2121, 2140]
[15, 129, 149, 168, 213, 267, 328, 346, 349, 363, 402, 440, 541, 550, 604, 628, 632, 671, 760, 801, 851, 861, 880, 883, 923, 929, 941, 959, 965, 973, 1035, 1045, 1055, 1067, 1070, 1091, 1129, 1131, 1163, 1200, 1262, 1382, 1535, 1550, 1638, 1694, 1725, 1734, 1736, 1759, 1762, 1933, 2006, 2050, 2157, 2173, 2244]
[28, 40, 55, 97, 103, 131, 148, 179, 188, 198, 210, 223, 235, 269, 350, 385, 392, 439, 466, 467, 519, 534, 546, 574, 575, 594, 610, 663, 667, 669, 674, 681, 689, 703, 748, 752, 794, 803, 831, 832, 837, 850, 889, 915, 928, 993, 994, 998, 1005, 1034, 1036, 1078, 1116, 1128, 1135, 1175, 1190, 1233, 1236, 1276, 1303, 1312, 1355, 1392, 1407, 1430, 1488, 1554, 1576, 1652, 1654, 1718, 1839, 1884, 1892, 1893, 1921, 1924, 1962, 2017, 2037, 2164, 2228]
[19, 52, 83, 290, 296, 307, 384, 448, 465, 477, 480, 551, 731, 741, 813, 940, 985, 1014, 1019, 1112, 1153, 1213, 1241, 1304, 1717, 1749, 1778, 1903, 1925, 1930, 1974, 2027, 2049, 2055]
[49, 112, 142, 154, 201, 222, 286, 306, 312, 318, 342, 367, 450, 456, 468, 490, 494, 505, 518, 618, 621, 640, 645, 695, 808, 814, 817, 842, 903, 904, 931, 933, 945, 948, 1001, 1192, 1212, 1217, 1224, 1229, 1265, 1267, 1299, 1313, 1316, 1323, 1336, 1379, 1408, 1410, 1455, 1494, 1513, 1540, 1575, 1637, 1639, 1647, 1715, 1775, 1784, 1790, 1805, 1845, 1879, 1915, 1916, 1927, 1975, 1986, 1988, 2068, 2112, 2160, 2184, 2187, 2205, 2214, 2225, 2236]
[54, 67, 116, 230, 233, 271, 288, 316, 341, 396, 475, 493, 496, 498, 602, 612, 701, 802, 805, 846, 873, 878, 908, 960, 988, 1011, 1015, 1017, 1080, 1147, 1177, 1194, 1202, 1203, 1208, 1218, 1271, 1296, 1391, 1397, 1409, 1418, 1425, 1518, 1531, 1584, 1605, 1645, 1691, 1707, 1733, 1822, 1847, 1972, 1979, 2000, 2026, 2034, 2204]
[143, 187, 199, 446, 482, 491, 777, 806, 907, 932, 961, 1000, 1059, 1207, 1360, 1422, 1453, 1483, 1570, 1643, 1710, 1727, 1771, 1791, 2071, 2096, 2180, 2229, 2241]
[80, 192, 206, 470, 542, 586, 596, 678, 699, 824, 874, 899, 979, 1016, 1085, 1266, 1370, 1404, 1477, 1555, 1596, 1721, 1779, 1783, 1935, 1991, 2056]
[4, 42, 48, 53, 184, 200, 251, 277, 320, 332, 373, 463, 615, 700, 791, 827, 894, 963, 1049, 1289, 1300, 1319, 1485, 1504, 1522, 1543, 1585, 1604, 1630, 1747, 1844, 1869, 1902, 1914, 1940, 1981, 2025, 2072, 2116, 2175, 2201, 2210, 2237]
